1992-05-28 1000 dominicks 9130 1 2.4 21912.0 9084.277728040981
1992-06-04 1000 dominicks 11225 1 2.47 27725.750000000004 11164.65506491913
1992-06-11 1000 dominicks 14025 1 2.53 35483.25 14212.470973018306
1992-06-18 1000 dominicks 16433 1 2.44 40096.52 16621.667171673645
1992-06-25 1000 dominicks 16962 1 1.93 32736.66 16616.878887292663
1992-07-02 1000 dominicks 10222 1 2.64 26986.08 9663.17478128832
1992-07-09 1000 dominicks 18117 1 2.06 37321.02 17738.257555460525
1992-07-16 1000 dominicks 11754 1 2.53 29737.62 11516.37949183951
1992-07-23 1000 dominicks 13080 1 2.02 26421.6 13146.022037756236
1992-07-30 1000 dominicks 19628 1 2.17 42592.76 19250.348409669128
1992-08-06 1000 dominicks 9419 1 2.38 22417.22 9345.512280820023
1992-08-13 1000 dominicks 11694 1 2.11 24674.34 11689.063068830186
1992-08-20 1000 dominicks 14531 1 2.35 34147.85 14527.41692324668
1992-08-27 1000 dominicks 18439 1 2.6 47941.4 18852.378687291195
1992-09-03 1000 dominicks 11137 1 2.45 27285.65 11062.511464865154
1992-09-10 1000 dominicks 13129 1 2.29 30065.41 13134.501322427473
1992-09-17 1000 dominicks 11310 1 1.92 21715.2 11745.702414967398
1992-09-24 1000 dominicks 13235 1 2.45 32425.750000000004 13189.694717598133
1992-10-01 1000 dominicks 12244 1 1.93 23630.92 12456.221074136287
1992-05-28 1000 minute.maid 19965 1 2.49 49712.85000000001 20201.114593641618
1992-06-04 1000 minute.maid 17064 1 2.67 45560.88 17381.910239655892
1992-06-11 1000 minute.maid 11574 1 2.5 28935.0 11410.723971950987
1992-06-18 1000 minute.maid 17394 1 2.24 38962.56000000001 17145.977692354754
1992-06-25 1000 minute.maid 14556 1 2.13 31004.28 14452.211481251696
1992-07-02 1000 minute.maid 15994 1 2.64 42224.16 16339.461395529994
1992-07-09 1000 minute.maid 19403 1 2.64 51223.92000000001 20101.749580826494
1992-07-16 1000 minute.maid 19533 1 2.42 47269.86 19738.91779331875
1992-07-23 1000 minute.maid 17871 1 2.57 45928.47 18276.69765808581
1992-07-30 1000 minute.maid 10996 1 2.34 25730.64 11164.092870856006
1992-08-06 1000 minute.maid 11751 1 1.95 22914.45 12285.648094347944
1992-08-13 1000 minute.maid 12345 1 2.04 25183.8 12692.85925862149
1992-08-20 1000 minute.maid 16705 1 2.3 38421.5 16689.482004745034
1992-08-27 1000 minute.maid 13365 1 2.56 34214.4 13373.569625025924
1992-09-03 1000 minute.maid 14933 1 2.25 33599.25 14943.257983258518
1992-09-10 1000 minute.maid 14361 1 2.33 33461.130000000005 14400.615307771523
1992-09-17 1000 minute.maid 9207 1 2.36 21728.52 9294.342094047155
1992-09-24 1000 minute.maid 16742 1 1.99 33316.58 16336.168345807608
1992-10-01 1000 minute.maid 16103 1 2.03 32689.09 15824.464571113484
1992-05-28 1000 tropicana 14023 1 2.53 35478.189999999995 14005.236156512396
1992-06-04 1000 tropicana 10589 1 2.14 22660.46000000001 10888.80354403028
1992-06-11 1000 tropicana 9633 1 2.5 24082.5 9483.666253129039
1992-06-18 1000 tropicana 15789 1 2.27 35841.03 15761.90445764347
1992-06-25 1000 tropicana 19008 1 2.42 45999.36 19081.986381450373
1992-07-02 1000 tropicana 18524 1 2.21 40938.04 18496.841012198376
1992-07-09 1000 tropicana 17536 1 2.65 46470.4 18027.068764696985
1992-07-16 1000 tropicana 11434 1 2.08 23782.72 11787.889590868068
1992-07-23 1000 tropicana 14728 1 2.06 30339.68 14761.274717110588
1992-07-30 1000 tropicana 17457 1 2.27 39627.39 17365.40929632926
1992-08-06 1000 tropicana 16377 1 2.48 40614.96 16653.20498726168
1992-08-13 1000 tropicana 19660 1 2.22 43645.2 19397.51334763064
1992-08-20 1000 tropicana 10846 1 2.24 24295.04 11079.945307129428
1992-08-27 1000 tropicana 11198 1 2.19 24523.62 11447.550176009288
1992-09-03 1000 tropicana 15013 1 2.62 39334.06000000001 15329.34633206629
1992-09-10 1000 tropicana 16557 1 1.91 31623.87 16126.117459411464
1992-09-17 1000 tropicana 18281 1 2.33 42594.73 18326.50059914492
1992-09-24 1000 tropicana 15442 1 2.65 40921.3 15934.844926111937
1992-10-01 1000 tropicana 12893 1 2.18 28106.74 13021.544134106893
1992-05-28 1001 dominicks 12736 1 2.37 30184.32 12664.18718105043
1992-06-04 1001 dominicks 17512 1 2.28 39927.35999999999 17564.34793133264
1992-06-11 1001 dominicks 17769 1 2.18 38736.42000000001 17681.436692196654
1992-06-18 1001 dominicks 17825 1 2.64 47058.0 18300.14219613506
1992-06-25 1001 dominicks 11105 1 2.02 22432.1 11464.112256156248
1992-07-02 1001 dominicks 15763 1 1.97 31053.11 15574.858048091912
1992-07-09 1001 dominicks 10904 1 2.33 25406.32 10916.487085710818
1992-07-16 1001 dominicks 16153 1 2.27 36667.31 16115.016771567683
1992-07-23 1001 dominicks 14260 1 2.03 28947.8 14215.958419928924
1992-07-30 1001 dominicks 9284 1 2.67 24788.28 8735.875831221689
1992-08-06 1001 dominicks 9196 1 2.67 24553.32 8692.744653405483
1992-08-13 1001 dominicks 15150 1 2.18 33027.0 15061.662486630168
1992-08-20 1001 dominicks 15559 1 1.93 30028.87 15439.06033903491
1992-08-27 1001 dominicks 14271 1 2.11 30111.81 14223.152717799176
1992-09-03 1001 dominicks 12303 1 2.61 32110.83 12189.579718886918
1992-09-10 1001 dominicks 15320 1 1.92 29414.4 15291.724962589502
1992-09-17 1001 dominicks 16191 1 2.01 32543.91 16219.057276495958
1992-09-24 1001 dominicks 18776 1 2.26 42433.76 18839.35585194324
1992-10-01 1001 dominicks 11265 1 2.25 25346.25 11245.19412385802
1992-05-28 1001 minute.maid 16637 1 2.36 39263.32 16709.28559396134
1992-06-04 1001 minute.maid 18508 1 2.32 42938.56 18500.088847758834
1992-06-11 1001 minute.maid 9298 1 2.07 19246.86 9955.693850032529
1992-06-18 1001 minute.maid 10669 1 2.3 24538.7 10852.60058544665
1992-06-25 1001 minute.maid 17000 1 2.38 40460.0 17044.269429685137
1992-07-02 1001 minute.maid 11061 1 2.2 24334.2 11254.735028062885
1992-07-09 1001 minute.maid 19103 1 2.52 48139.56 19395.836471984287
1992-07-16 1001 minute.maid 19631 1 2.52 49470.12 19890.882669154336
1992-07-23 1001 minute.maid 11713 1 2.06 24128.78 12011.324370187214
1992-07-30 1001 minute.maid 16537 1 2.69 44484.53 16728.403449003676
1992-08-06 1001 minute.maid 18164 1 2.39 43411.96 18259.609672879917
1992-08-13 1001 minute.maid 9132 1 1.92 17533.44 10159.507706627293
1992-08-20 1001 minute.maid 13712 1 2.52 34554.24 13708.781374147378
1992-08-27 1001 minute.maid 18796 1 2.06 38719.76 18308.657777375618
1992-09-03 1001 minute.maid 18513 1 2.62 48504.06000000001 19002.87352788571
1992-09-10 1001 minute.maid 18763 1 2.36 44280.68 18775.149817365625
1992-09-17 1001 minute.maid 14568 1 2.19 31903.92 14569.149279124262
1992-09-24 1001 minute.maid 9225 1 2.68 24723.0 8723.875873406305
1992-10-01 1001 minute.maid 11069 1 2.56 28336.64 10892.464243402896
1992-05-28 1001 tropicana 9244 1 2.49 23017.56 8688.52597343013
1992-06-04 1001 tropicana 19474 1 2.23 43427.02 19315.945676336814
1992-06-11 1001 tropicana 14695 1 2.43 35708.85000000001 14701.926087112606
1992-06-18 1001 tropicana 11428 1 2.25 25713.0 11372.681696701775
1992-06-25 1001 tropicana 18593 1 2.21 41090.53 18435.744395984737
1992-07-02 1001 tropicana 13462 1 2.62 35270.44 13220.340259273727
1992-07-09 1001 tropicana 11892 1 2.02 24021.84 11969.213510261647
1992-07-16 1001 tropicana 11798 1 2.32 27371.36 11568.217226970086
1992-07-23 1001 tropicana 12931 1 2.4 31034.4 12651.707361224484
1992-07-30 1001 tropicana 14280 1 2.63 37556.4 14092.124465012384
1992-08-06 1001 tropicana 9894 1 2.0 19788.0 10292.972772156787
1992-08-13 1001 tropicana 18346 1 2.31 42379.26 18310.10770924374
1992-08-20 1001 tropicana 12417 1 2.08 25827.36 12397.601440461525
1992-08-27 1001 tropicana 9680 1 2.44 23619.2 9217.074297689396
1992-09-03 1001 tropicana 13325 1 2.58 34378.5 13175.402124257469
1992-09-10 1001 tropicana 15150 1 2.55 38632.5 15209.9517029574
1992-09-17 1001 tropicana 17268 1 2.22 38334.960000000014 17205.12095666373
1992-09-24 1001 tropicana 16940 1 2.3 38962.0 16948.112290491867
1992-10-01 1001 tropicana 13226 1 2.64 34916.64 12947.75753917943
1992-05-28 1002 dominicks 11737 1 2.13 24999.81 11892.129650416839
1992-06-04 1002 dominicks 11957 1 2.07 24750.99 12241.189339163917
1992-06-11 1002 dominicks 16608 1 2.49 41353.92000000001 16883.1533116285
1992-06-18 1002 dominicks 15073 1 2.63 39641.99 15189.75025778326
1992-06-25 1002 dominicks 10881 1 2.16 23502.96000000001 11154.097122126328
1992-07-02 1002 dominicks 9384 1 2.66 24961.44 8764.963961245357
1992-07-09 1002 dominicks 9029 1 1.92 17335.68 10341.371978160038
1992-07-16 1002 dominicks 14381 1 2.28 32788.68 14408.503919913195
1992-07-23 1002 dominicks 13214 1 2.55 33695.7 13129.957834943834
1992-07-30 1002 dominicks 12285 1 2.53 31081.05 11983.139970851204
1992-08-06 1002 dominicks 17355 1 2.52 43734.6 17553.64892552083
1992-08-13 1002 dominicks 13680 1 2.34 32011.2 13747.275192589866
1992-08-20 1002 dominicks 17433 1 2.16 37655.28000000001 17256.961155186433
1992-08-27 1002 dominicks 9567 1 2.38 22769.46 9541.331293480567
1992-09-03 1002 dominicks 13669 1 2.67 36496.23 13623.417886256075
1992-09-10 1002 dominicks 9918 1 2.41 23902.38 9781.52995122429
1992-09-17 1002 dominicks 16352 1 2.21 36137.92 16308.372234511313
1992-09-24 1002 dominicks 11015 1 2.33 25664.95 10928.33555529427
1992-10-01 1002 dominicks 10280 1 2.29 23541.2 10370.185631653076
1992-05-28 1002 minute.maid 15677 1 2.45 38408.65 15795.149533617092
1992-06-04 1002 minute.maid 16338 1 2.15 35126.7 16301.88905186998
1992-06-11 1002 minute.maid 12229 1 1.91 23357.39 12463.01017056481
1992-06-18 1002 minute.maid 13551 1 2.6 35232.6 13618.978939898023
1992-06-25 1002 minute.maid 11855 1 2.5 29637.5 11760.099378121507
1992-07-02 1002 minute.maid 16588 1 2.54 42133.52 16887.778366191782
1992-07-09 1002 minute.maid 13051 1 2.4 31322.4 13104.449853595544
1992-07-16 1002 minute.maid 10316 1 2.44 25171.04 10071.374590166677
1992-07-23 1002 minute.maid 12985 1 2.19 28437.15 13016.21051940781
1992-07-30 1002 minute.maid 11133 1 2.6 28945.8 10821.019953505336
1992-08-06 1002 minute.maid 11646 1 2.26 26319.96 11601.709174645172
1992-08-13 1002 minute.maid 14226 1 2.29 32577.54 14365.758507584596
1992-08-20 1002 minute.maid 9893 1 2.63 26018.59 9341.024418941965
1992-08-27 1002 minute.maid 13265 1 2.09 27723.85 13355.303496343562
1992-09-03 1002 minute.maid 11078 1 2.17 24039.26 11211.049675605418
1992-09-10 1002 minute.maid 15127 1 2.01 30405.27 15093.130657669419
1992-09-17 1002 minute.maid 12937 1 2.65 34283.05 12955.554584469153
1992-09-24 1002 minute.maid 15294 1 2.35 35940.9 15455.737038947713
1992-10-01 1002 minute.maid 11716 1 2.34 27415.44 11692.351114837882
1992-05-28 1002 tropicana 14819 1 1.92 28452.48 14689.542304347668
1992-06-04 1002 tropicana 18920 1 2.62 49570.4 19345.950363731576
1992-06-11 1002 tropicana 18036 1 2.5 45090.0 18412.212155172932
1992-06-18 1002 tropicana 9415 1 2.38 22407.7 9539.029681536806
1992-06-25 1002 tropicana 18008 1 2.19 39437.52 17838.413651391562
1992-07-02 1002 tropicana 15051 1 2.64 39734.64 15344.043189981146
1992-07-09 1002 tropicana 13924 1 2.31 32164.44 13733.199647145248
1992-07-16 1002 tropicana 16641 1 2.67 44431.47 17133.738184749094
1992-07-23 1002 tropicana 15168 1 2.46 37313.28 15111.136434653883
1992-07-30 1002 tropicana 13219 1 2.41 31857.79 13149.347633937085
1992-08-06 1002 tropicana 15090 1 2.06 31085.4 14995.354993264957
1992-08-13 1002 tropicana 17859 1 2.09 37325.31 17381.85385765589
1992-08-20 1002 tropicana 18162 1 1.96 35597.52 17408.502292822366
1992-08-27 1002 tropicana 17089 1 2.19 37424.91 16951.358001854092
1992-09-03 1002 tropicana 18127 1 2.23 40423.21 18004.143936169257
1992-09-10 1002 tropicana 12038 1 1.97 23714.86 12238.957897919283
1992-09-17 1002 tropicana 16580 1 2.01 33325.8 16298.156226344277
1992-09-24 1002 tropicana 9468 1 2.1 19882.8 10146.89330960977
1992-10-01 1002 tropicana 15291 1 2.46 37615.86 15187.444211774968
1992-05-28 1003 dominicks 19216 1 1.97 37855.52 18609.069346432163
1992-06-04 1003 dominicks 15483 1 2.03 31430.49 15507.002295388369
1992-06-11 1003 dominicks 11897 1 2.35 27957.95 11650.709109886076
1992-06-18 1003 dominicks 12503 1 2.56 32007.68 12483.409212897557
1992-06-25 1003 dominicks 11853 1 2.38 28210.14 11555.680893704159
1992-07-02 1003 dominicks 14598 1 2.04 29779.92 14725.977631732143
1992-07-09 1003 dominicks 9250 1 2.29 21182.5 9257.536981242807
1992-07-16 1003 dominicks 12953 1 2.01 26035.53 13161.133628815629
1992-07-23 1003 dominicks 19963 1 2.06 41123.78 19562.729190950104
1992-07-30 1003 dominicks 9052 1 2.1 19009.2 9426.531643348446
1992-08-06 1003 dominicks 17574 1 2.53 44462.22 17953.82492960608
1992-08-13 1003 dominicks 19858 1 1.99 39517.42 19305.72533991894
1992-08-20 1003 dominicks 17279 1 2.24 38704.960000000014 17422.29327105606
1992-08-27 1003 dominicks 15232 1 2.36 35947.52 15403.10572532983
1992-09-03 1003 dominicks 10302 1 1.94 19985.88 10780.964779264514
1992-09-10 1003 dominicks 13502 1 2.16 29164.320000000003 13285.098791413518
1992-09-17 1003 dominicks 19644 1 2.67 52449.48 19866.842945232707
1992-09-24 1003 dominicks 13860 1 2.29 31739.4 13892.236131156747
1992-10-01 1003 dominicks 11040 1 1.99 21969.6 11468.427581342792
